#TREATMENT-PLAN-DESCRIPTION
#=============PlanName and number of fields===========#
IMPT
#-----NumberOfFractions ***CURRENTLY THIS VALUE IS NOT USED***
1
#-----FractionID	***CURRENTLY THIS VALUE IS NOT USED***
1
#NumberOfFields
1
#FieldsID
1
#-----TotalMetersetWeightOfAllFields ***CURRENTLY THIS VALUE IS NOT USED***
662421

#============FIELD-DESCRIPTION=============#
#FieldID
1
#-----FinalCumulativeMeterSetWeight ***CURRENTLY THIS VALUE IS NOT USED***
336732
#GantryAngle (in degrees)
0
#-----PatientSupportAngle	***CURRENTLY THIS VALUE IS NOT USED***
0
#-----IsocenterPosition		***CURRENTLY THIS VALUE IS NOT USED***
0 0 0
###NumberOfControlPoints
1

#===========SPOTS-DESCRIPTION============#
####ControlPointIndex
0
####SpotTunnedID	***CURRENTLY THIS VALUE IS NOT USED***
1
####CumulativeMetersetWeight	***CURRENTLY THIS VALUE IS NOT USED***
0
###Energy (MeV)
230.0
####NbOfScannedSpots
621
####X Y WEIGHT 
-91.00 77.00 15000
-84.00 77.00 15000
-77.00 77.00 15000
-70.00 77.00 15000
-63.00 77.00 15000
-56.00 77.00 15000
-49.00 77.00 15000
-42.00 77.00 15000
-35.00 77.00 15000
-28.00 77.00 15000
-21.00 77.00 15000
-14.00 77.00 15000
-7.00 77.00 15000
0.00 77.00 15000
7.00 77.00 15000
14.00 77.00 15000
21.00 77.00 15000
28.00 77.00 15000
35.00 77.00 15000
42.00 77.00 15000
49.00 77.00 15000
56.00 77.00 15000
63.00 77.00 15000
70.00 77.00 15000
77.00 77.00 15000
84.00 77.00 15000
91.00 77.00 15000
91.00 70.00 15000
84.00 70.00 15000
77.00 70.00 15000
70.00 70.00 15000
63.00 70.00 15000
56.00 70.00 15000
49.00 70.00 15000
42.00 70.00 15000
35.00 70.00 15000
28.00 70.00 15000
21.00 70.00 15000
14.00 70.00 15000
7.00 70.00 15000
0.00 70.00 15000
-7.00 70.00 15000
-14.00 70.00 15000
-21.00 70.00 15000
-28.00 70.00 15000
-35.00 70.00 15000
-42.00 70.00 15000
-49.00 70.00 15000
-56.00 70.00 15000
-63.00 70.00 15000
-70.00 70.00 15000
-77.00 70.00 15000
-84.00 70.00 15000
-91.00 70.00 15000
-91.00 63.00 15000
-84.00 63.00 15000
-77.00 63.00 15000
-70.00 63.00 15000
-63.00 63.00 15000
-56.00 63.00 15000
-49.00 63.00 15000
-42.00 63.00 15000
-35.00 63.00 15000
-28.00 63.00 15000
-21.00 63.00 15000
-14.00 63.00 15000
-7.00 63.00 15000
0.00 63.00 15000
7.00 63.00 15000
14.00 63.00 15000
21.00 63.00 15000
28.00 63.00 15000
35.00 63.00 15000
42.00 63.00 15000
49.00 63.00 15000
56.00 63.00 15000
63.00 63.00 15000
70.00 63.00 15000
77.00 63.00 15000
84.00 63.00 15000
91.00 63.00 15000
91.00 56.00 15000
84.00 56.00 15000
77.00 56.00 15000
70.00 56.00 15000
63.00 56.00 15000
56.00 56.00 15000
49.00 56.00 15000
42.00 56.00 15000
35.00 56.00 15000
28.00 56.00 15000
21.00 56.00 15000
14.00 56.00 15000
7.00 56.00 15000
0.00 56.00 15000
-7.00 56.00 15000
-14.00 56.00 15000
-21.00 56.00 15000
-28.00 56.00 15000
-35.00 56.00 15000
-42.00 56.00 15000
-49.00 56.00 15000
-56.00 56.00 15000
-63.00 56.00 15000
-70.00 56.00 15000
-77.00 56.00 15000
-84.00 56.00 15000
-91.00 56.00 15000
-91.00 49.00 15000
-84.00 49.00 15000
-77.00 49.00 15000
-70.00 49.00 15000
-63.00 49.00 15000
-56.00 49.00 15000
-49.00 49.00 15000
-42.00 49.00 15000
-35.00 49.00 15000
-28.00 49.00 15000
-21.00 49.00 15000
-14.00 49.00 15000
-7.00 49.00 15000
0.00 49.00 15000
7.00 49.00 15000
14.00 49.00 15000
21.00 49.00 15000
28.00 49.00 15000
35.00 49.00 15000
42.00 49.00 15000
49.00 49.00 15000
56.00 49.00 15000
63.00 49.00 15000
70.00 49.00 15000
77.00 49.00 15000
84.00 49.00 15000
91.00 49.00 15000
91.00 42.00 15000
84.00 42.00 15000
77.00 42.00 15000
70.00 42.00 15000
63.00 42.00 15000
56.00 42.00 15000
49.00 42.00 15000
42.00 42.00 15000
35.00 42.00 15000
28.00 42.00 15000
21.00 42.00 15000
14.00 42.00 15000
7.00 42.00 15000
0.00 42.00 15000
-7.00 42.00 15000
-14.00 42.00 15000
-21.00 42.00 15000
-28.00 42.00 15000
-35.00 42.00 15000
-42.00 42.00 15000
-49.00 42.00 15000
-56.00 42.00 15000
-63.00 42.00 15000
-70.00 42.00 15000
-77.00 42.00 15000
-84.00 42.00 15000
-91.00 42.00 15000
-91.00 35.00 15000
-84.00 35.00 15000
-77.00 35.00 15000
-70.00 35.00 15000
-63.00 35.00 15000
-56.00 35.00 15000
-49.00 35.00 15000
-42.00 35.00 15000
-35.00 35.00 15000
-28.00 35.00 15000
-21.00 35.00 15000
-14.00 35.00 15000
-7.00 35.00 15000
0.00 35.00 15000
7.00 35.00 15000
14.00 35.00 15000
21.00 35.00 15000
28.00 35.00 15000
35.00 35.00 15000
42.00 35.00 15000
49.00 35.00 15000
56.00 35.00 15000
63.00 35.00 15000
70.00 35.00 15000
77.00 35.00 15000
84.00 35.00 15000
91.00 35.00 15000
91.00 28.00 15000
84.00 28.00 15000
77.00 28.00 15000
70.00 28.00 15000
63.00 28.00 15000
56.00 28.00 15000
49.00 28.00 15000
42.00 28.00 15000
35.00 28.00 15000
28.00 28.00 15000
21.00 28.00 15000
14.00 28.00 15000
7.00 28.00 15000
0.00 28.00 15000
-7.00 28.00 15000
-14.00 28.00 15000
-21.00 28.00 15000
-28.00 28.00 15000
-35.00 28.00 15000
-42.00 28.00 15000
-49.00 28.00 15000
-56.00 28.00 15000
-63.00 28.00 15000
-70.00 28.00 15000
-77.00 28.00 15000
-84.00 28.00 15000
-91.00 28.00 15000
-91.00 21.00 15000
-84.00 21.00 15000
-77.00 21.00 15000
-70.00 21.00 15000
-63.00 21.00 15000
-56.00 21.00 15000
-49.00 21.00 15000
-42.00 21.00 15000
-35.00 21.00 15000
-28.00 21.00 15000
-21.00 21.00 15000
-14.00 21.00 15000
-7.00 21.00 15000
0.00 21.00 15000
7.00 21.00 15000
14.00 21.00 15000
21.00 21.00 15000
28.00 21.00 15000
35.00 21.00 15000
42.00 21.00 15000
49.00 21.00 15000
56.00 21.00 15000
63.00 21.00 15000
70.00 21.00 15000
77.00 21.00 15000
84.00 21.00 15000
91.00 21.00 15000
91.00 14.00 15000
84.00 14.00 15000
77.00 14.00 15000
70.00 14.00 15000
63.00 14.00 15000
56.00 14.00 15000
49.00 14.00 15000
42.00 14.00 15000
35.00 14.00 15000
28.00 14.00 15000
21.00 14.00 15000
14.00 14.00 15000
7.00 14.00 15000
0.00 14.00 15000
-7.00 14.00 15000
-14.00 14.00 15000
-21.00 14.00 15000
-28.00 14.00 15000
-35.00 14.00 15000
-42.00 14.00 15000
-49.00 14.00 15000
-56.00 14.00 15000
-63.00 14.00 15000
-70.00 14.00 15000
-77.00 14.00 15000
-84.00 14.00 15000
-91.00 14.00 15000
-91.00 7.00 15000
-84.00 7.00 15000
-77.00 7.00 15000
-70.00 7.00 15000
-63.00 7.00 15000
-56.00 7.00 15000
-49.00 7.00 15000
-42.00 7.00 15000
-35.00 7.00 15000
-28.00 7.00 15000
-21.00 7.00 15000
-14.00 7.00 15000
-7.00 7.00 15000
0.00 7.00 15000
7.00 7.00 15000
14.00 7.00 15000
21.00 7.00 15000
28.00 7.00 15000
35.00 7.00 15000
42.00 7.00 15000
49.00 7.00 15000
56.00 7.00 15000
63.00 7.00 15000
70.00 7.00 15000
77.00 7.00 15000
84.00 7.00 15000
91.00 7.00 15000
91.00 0.00 15000
84.00 0.00 15000
77.00 0.00 15000
70.00 0.00 15000
63.00 0.00 15000
56.00 0.00 15000
49.00 0.00 15000
42.00 0.00 15000
35.00 0.00 15000
28.00 0.00 15000
21.00 0.00 15000
14.00 0.00 15000
7.00 0.00 15000
0.00 0.00 15000
-7.00 0.00 15000
-14.00 0.00 15000
-21.00 0.00 15000
-28.00 0.00 15000
-35.00 0.00 15000
-42.00 0.00 15000
-49.00 0.00 15000
-56.00 0.00 15000
-63.00 0.00 15000
-70.00 0.00 15000
-77.00 0.00 15000
-84.00 0.00 15000
-91.00 0.00 15000
-91.00 -7.00 15000
-84.00 -7.00 15000
-77.00 -7.00 15000
-70.00 -7.00 15000
-63.00 -7.00 15000
-56.00 -7.00 15000
-49.00 -7.00 15000
-42.00 -7.00 15000
-35.00 -7.00 15000
-28.00 -7.00 15000
-21.00 -7.00 15000
-14.00 -7.00 15000
-7.00 -7.00 15000
0.00 -7.00 15000
7.00 -7.00 15000
14.00 -7.00 15000
21.00 -7.00 15000
28.00 -7.00 15000
35.00 -7.00 15000
42.00 -7.00 15000
49.00 -7.00 15000
56.00 -7.00 15000
63.00 -7.00 15000
70.00 -7.00 15000
77.00 -7.00 15000
84.00 -7.00 15000
91.00 -7.00 15000
91.00 -14.00 15000
84.00 -14.00 15000
77.00 -14.00 15000
70.00 -14.00 15000
63.00 -14.00 15000
56.00 -14.00 15000
49.00 -14.00 15000
42.00 -14.00 15000
35.00 -14.00 15000
28.00 -14.00 15000
21.00 -14.00 15000
14.00 -14.00 15000
7.00 -14.00 15000
0.00 -14.00 15000
-7.00 -14.00 15000
-14.00 -14.00 15000
-21.00 -14.00 15000
-28.00 -14.00 15000
-35.00 -14.00 15000
-42.00 -14.00 15000
-49.00 -14.00 15000
-56.00 -14.00 15000
-63.00 -14.00 15000
-70.00 -14.00 15000
-77.00 -14.00 15000
-84.00 -14.00 15000
-91.00 -14.00 15000
-91.00 -21.00 15000
-84.00 -21.00 15000
-77.00 -21.00 15000
-70.00 -21.00 15000
-63.00 -21.00 15000
-56.00 -21.00 15000
-49.00 -21.00 15000
-42.00 -21.00 15000
-35.00 -21.00 15000
-28.00 -21.00 15000
-21.00 -21.00 15000
-14.00 -21.00 15000
-7.00 -21.00 15000
0.00 -21.00 15000
7.00 -21.00 15000
14.00 -21.00 15000
21.00 -21.00 15000
28.00 -21.00 15000
35.00 -21.00 15000
42.00 -21.00 15000
49.00 -21.00 15000
56.00 -21.00 15000
63.00 -21.00 15000
70.00 -21.00 15000
77.00 -21.00 15000
84.00 -21.00 15000
91.00 -21.00 15000
91.00 -28.00 15000
84.00 -28.00 15000
77.00 -28.00 15000
70.00 -28.00 15000
63.00 -28.00 15000
56.00 -28.00 15000
49.00 -28.00 15000
42.00 -28.00 15000
35.00 -28.00 15000
28.00 -28.00 15000
21.00 -28.00 15000
14.00 -28.00 15000
7.00 -28.00 15000
0.00 -28.00 15000
-7.00 -28.00 15000
-14.00 -28.00 15000
-21.00 -28.00 15000
-28.00 -28.00 15000
-35.00 -28.00 15000
-42.00 -28.00 15000
-49.00 -28.00 15000
-56.00 -28.00 15000
-63.00 -28.00 15000
-70.00 -28.00 15000
-77.00 -28.00 15000
-84.00 -28.00 15000
-91.00 -28.00 15000
-91.00 -35.00 15000
-84.00 -35.00 15000
-77.00 -35.00 15000
-70.00 -35.00 15000
-63.00 -35.00 15000
-56.00 -35.00 15000
-49.00 -35.00 15000
-42.00 -35.00 15000
-35.00 -35.00 15000
-28.00 -35.00 15000
-21.00 -35.00 15000
-14.00 -35.00 15000
-7.00 -35.00 15000
0.00 -35.00 15000
7.00 -35.00 15000
14.00 -35.00 15000
21.00 -35.00 15000
28.00 -35.00 15000
35.00 -35.00 15000
42.00 -35.00 15000
49.00 -35.00 15000
56.00 -35.00 15000
63.00 -35.00 15000
70.00 -35.00 15000
77.00 -35.00 15000
84.00 -35.00 15000
91.00 -35.00 15000
91.00 -42.00 15000
84.00 -42.00 15000
77.00 -42.00 15000
70.00 -42.00 15000
63.00 -42.00 15000
56.00 -42.00 15000
49.00 -42.00 15000
42.00 -42.00 15000
35.00 -42.00 15000
28.00 -42.00 15000
21.00 -42.00 15000
14.00 -42.00 15000
7.00 -42.00 15000
0.00 -42.00 15000
-7.00 -42.00 15000
-14.00 -42.00 15000
-21.00 -42.00 15000
-28.00 -42.00 15000
-35.00 -42.00 15000
-42.00 -42.00 15000
-49.00 -42.00 15000
-56.00 -42.00 15000
-63.00 -42.00 15000
-70.00 -42.00 15000
-77.00 -42.00 15000
-84.00 -42.00 15000
-91.00 -42.00 15000
-91.00 -49.00 15000
-84.00 -49.00 15000
-77.00 -49.00 15000
-70.00 -49.00 15000
-63.00 -49.00 15000
-56.00 -49.00 15000
-49.00 -49.00 15000
-42.00 -49.00 15000
-35.00 -49.00 15000
-28.00 -49.00 15000
-21.00 -49.00 15000
-14.00 -49.00 15000
-7.00 -49.00 15000
0.00 -49.00 15000
7.00 -49.00 15000
14.00 -49.00 15000
21.00 -49.00 15000
28.00 -49.00 15000
35.00 -49.00 15000
42.00 -49.00 15000
49.00 -49.00 15000
56.00 -49.00 15000
63.00 -49.00 15000
70.00 -49.00 15000
77.00 -49.00 15000
84.00 -49.00 15000
91.00 -49.00 15000
91.00 -56.00 15000
84.00 -56.00 15000
77.00 -56.00 15000
70.00 -56.00 15000
63.00 -56.00 15000
56.00 -56.00 15000
49.00 -56.00 15000
42.00 -56.00 15000
35.00 -56.00 15000
28.00 -56.00 15000
21.00 -56.00 15000
14.00 -56.00 15000
7.00 -56.00 15000
0.00 -56.00 15000
-7.00 -56.00 15000
-14.00 -56.00 15000
-21.00 -56.00 15000
-28.00 -56.00 15000
-35.00 -56.00 15000
-42.00 -56.00 15000
-49.00 -56.00 15000
-56.00 -56.00 15000
-63.00 -56.00 15000
-70.00 -56.00 15000
-77.00 -56.00 15000
-84.00 -56.00 15000
-91.00 -56.00 15000
-91.00 -63.00 15000
-84.00 -63.00 15000
-77.00 -63.00 15000
-70.00 -63.00 15000
-63.00 -63.00 15000
-56.00 -63.00 15000
-49.00 -63.00 15000
-42.00 -63.00 15000
-35.00 -63.00 15000
-28.00 -63.00 15000
-21.00 -63.00 15000
-14.00 -63.00 15000
-7.00 -63.00 15000
0.00 -63.00 15000
7.00 -63.00 15000
14.00 -63.00 15000
21.00 -63.00 15000
28.00 -63.00 15000
35.00 -63.00 15000
42.00 -63.00 15000
49.00 -63.00 15000
56.00 -63.00 15000
63.00 -63.00 15000
70.00 -63.00 15000
77.00 -63.00 15000
84.00 -63.00 15000
91.00 -63.00 15000
91.00 -70.00 15000
84.00 -70.00 15000
77.00 -70.00 15000
70.00 -70.00 15000
63.00 -70.00 15000
56.00 -70.00 15000
49.00 -70.00 15000
42.00 -70.00 15000
35.00 -70.00 15000
28.00 -70.00 15000
21.00 -70.00 15000
14.00 -70.00 15000
7.00 -70.00 15000
0.00 -70.00 15000
-7.00 -70.00 15000
-14.00 -70.00 15000
-21.00 -70.00 15000
-28.00 -70.00 15000
-35.00 -70.00 15000
-42.00 -70.00 15000
-49.00 -70.00 15000
-56.00 -70.00 15000
-63.00 -70.00 15000
-70.00 -70.00 15000
-77.00 -70.00 15000
-84.00 -70.00 15000
-91.00 -70.00 15000
-91.00 -77.00 15000
-84.00 -77.00 15000
-77.00 -77.00 15000
-70.00 -77.00 15000
-63.00 -77.00 15000
-56.00 -77.00 15000
-49.00 -77.00 15000
-42.00 -77.00 15000
-35.00 -77.00 15000
-28.00 -77.00 15000
-21.00 -77.00 15000
-14.00 -77.00 15000
-7.00 -77.00 15000
0.00 -77.00 15000
7.00 -77.00 15000
14.00 -77.00 15000
21.00 -77.00 15000
28.00 -77.00 15000
35.00 -77.00 15000
42.00 -77.00 15000
49.00 -77.00 15000
56.00 -77.00 15000
63.00 -77.00 15000
70.00 -77.00 15000
77.00 -77.00 15000
84.00 -77.00 15000
91.00 -77.00 15000
